4294967278,132
4294967278,131
4294967278,130
4294967278,129
4294967278,128
4294967278,127
4294967278,126
4294967278,125
4294967278,124
4294967278,123
4294967278,122
4294967278,120
4294967278,119
4294967278,118
4294967278,117
4294967278,116
4294967278,115
4294967278,114
4294967278,113
4294967278,112
4294967278,111
4294967278,110
4294967278,106
4294967278,104
4294967278,103
4294967278,102
4294967278,101
4294967278,100
4294967278,99
4294967278,95
4294967278,93
4294967278,92
4294967278,90
4294967278,87
4294967278,86
4294967278,83
4294967278,82
4294967278,81
4294967278,80
4294967278,78
4294967278,75
4294967278,74
4294967278,73
4294967278,72
4294967278,70
4294967278,69
4294967278,68
4294967278,67
4294967278,65
4294967278,64
4294967278,63
4294967278,62
4294967278,60
4294967278,54
4294967278,53
4294967278,52
4294967278,50
4294967278,48
4294967278,45
4294967278,44
4294967278,43
4294967278,42
4294967278,41
4294967278,39
4294967278,38
4294967278,36
4294967278,34
4294967278,33
4294967278,388
4294967278,32
4294967278,31
4294967278,30
4294967278,29
4294967278,28
4294967278,26
4294967278,316
4294967278,23
4294967278,21
4294967278,20
4294967278,313
4294967278,19
4294967278,422
4294967278,18
4294967278,16
4294967278,15
4294967278,10
4294967278,9
4294967278,8
4294967278,7
4294967278,5
4294967278,4
4294967279,132
4294967279,129
4294967279,128
4294967279,127
4294967279,125
4294967279,120
4294967279,119
4294967279,118
4294967279,117
4294967279,115
4294967279,114
4294967279,113
4294967279,111
4294967279,108
4294967279,107
4294967279,106
4294967279,105
4294967279,104
4294967279,103
4294967279,102
4294967279,100
4294967279,93
4294967279,92
4294967279,90
4294967279,89
4294967279,86
4294967279,83
4294967279,82
4294967279,80
4294967279,78
4294967279,77
4294967279,76
4294967279,75
4294967279,74
4294967279,73
4294967279,72
4294967279,70
4294967279,68
4294967279,65
4294967279,64
4294967279,59
4294967279,58
4294967279,57
4294967279,56
4294967279,55
4294967279,54
4294967279,53
4294967279,52
4294967279,49
4294967279,48
4294967279,42
4294967279,38
4294967279,37
4294967279,36
4294967279,32
4294967279,30
4294967279,547
4294967279,28
4294967279,18
4294967279,16
4294967279,15
4294967279,10
4294967279,6
4294967294,1086
4294967279,350
4294967294,1158
4294967294,1152
4294967278,288
4294967278,262
4294967278,121
4294967278,367
4294967278,340
4294967278,403
4294967279,87
4294967279,85
4294967279,44
4294967279,35
4294967279,33
4294967279,26
4294967279,24
4294967279,23
4294967279,22
4294967279,21
4294967279,17
4294967279,12
4294967279,8
4294967279,4
4294967278,389
4294967278,275
4294967279,524
4294967278,425
4294967294,398
4294967294,416
4294967294,169
4294967294,1427
4294967279,557
4294967279,185
4294967278,283
4294967279,159
4294967279,146
4294967279,145
4294967279,334
4294967278,134
4294967279,290
4294967279,276
4294967278,272
4294967279,275
4294967294,501
4294967279,255
4294967279,548
4294967278,345
4294967294,420
4294967279,354
4294967279,546
4294967278,417
4294967279,208
4294967279,325
4294967279,186
4294967278,187
4294967294,175
4294967294,414
4294967278,172
4294967279,512
4294967278,171
4294967278,302
4294967278,416
4294967279,257
4294967279,163
4294967278,161
4294967278,160
4294967278,228
4294967279,161
4294967279,372
4294967279,155
4294967279,226
4294967278,372
4294967279,150
4294967279,143
4294967278,343
4294967279,273
4294967278,415
4294967279,268
4294967278,412
4294967279,278
4294967278,390
4294967278,324
4294967279,353
4294967279,250
4294967294,500
3205,5
3205,4
3205,3
3205,2
3205,1
4294967279,573
4294967278,211
4294967279,212
4294967278,210
4294967279,211
4294967278,209
3202,3
3202,2
3202,1
4294967294,1
4294967278,333
4294967278,420
4294967278,109
4294967278,299
4294967278,307
4294967278,96
4294967278,77
4294967278,446
4294967278,71
4294967278,423
4294967278,292
4294967278,296
4294967279,136
4294967279,533
4294967279,356
4294967279,542
4294967279,352
4294967279,2
4294967279,554
4294967279,88
4294967279,69
4294967279,66
4294967279,366
4294967279,531
4294967279,351
4294967279,529
4294967279,13
4294967279,11
4294967279,7
4294967279,534
4294967278,289
4294967278,411
4294967278,287
4294967278,329
4294967279,551
4294967279,178
4294967279,175
4294967279,172
4294967279,168
4294967294,408
4294967294,417
4294967294,179
4294967294,405
4294967294,595
4294967294,418
4294967294,460
4294967294,462
4294967278,409
4294967278,264
4294967279,266
4294967278,408
4294967279,575
4294967278,239
4294967279,239
4294967279,296
4294967294,1064
4294967294,1076
4294967294,1071
4294967279,209
4294967278,205
4294967294,499
4294967279,540
4294967279,181
4294967279,180
4294967279,539
4294967278,338
4294967294,111
4294967294,449
4294967294,468
4294967294,458
4294967278,380
4294967278,240
4294967279,367
4294967279,537
4294967278,146
4294967279,336
4294967279,535
4294967279,291
4294967278,270
4294967278,402
4294967279,263
4294967279,259
4294967279,521
4294967279,519
4294967278,401
4294967278,400
4294967278,321
4294967279,558
4294967279,332
4294967279,342
4294967279,238
4294967279,237
4294967279,235
4294967279,227
4294967278,308
4294967278,320
4294967279,349
4294967279,337
4294967279,344
4294967279,365
4294967279,5
4294967278,331
4294967278,212
4294967278,208
4294967279,207
4294967278,306
4294967279,530
4294967278,396
4294967278,276
4294967278,351
4294967278,395
4294967279,202
4294967279,319
4294967294,1073
4294967294,1082
4294967279,532
4294967279,191
4294967278,188
4294967279,189
4294967279,187
4294967278,177
4294967278,176
4294967279,310
4294967279,173
3178,5
3178,4
4294967278,170
3178,2
3178,1
4294967294,498
4294967279,162
4294967279,45
4294967278,159
3175,5
3175,4
3175,2
3175,1
3173,5
3173,4
3173,2
3173,1
4294967278,150
4294967278,149
4294967279,148
4294967279,147
3171,5
3171,4
3171,3
3171,2
3171,1
3170,3
3170,2
3170,1
4294967294,69
4294967278,286
4294967278,284
4294967279,570
4294967279,569
4294967279,242
4294967278,404
4294967294,407
4294967279,234
4294967278,253
4294967278,245
4294967278,243
4294967279,241
4294967278,238
4294967278,237
4294967278,227
4294967278,339
4294967278,214
4294967278,204
4294967278,200
4294967278,274
4294967278,385
4294967278,268
4294967279,138
4294967279,184
4294967279,171
4294967278,164
4294967279,167
4294967279,160
4294967294,163
4294967294,387
4294967279,31
4294967278,218
4294967279,29
4294967279,527
4294967279,20
4294967279,19
4294967294,497
4294967278,266
4294967278,391
4294967278,327
4294967294,400
4294967278,255
4294967278,249
4294967278,247
4294967279,523
4294967279,517
4294967279,317
4294967279,543
4294967278,260
4294967279,196
4294967279,195
4294967278,192
4294967278,191
4294967279,192
4294967279,514
4294967279,318
4294967279,169
4294967279,157
4294967279,46
4294967279,338
4294967278,383
4294967278,155
4294967279,34
4294967278,145
4294967278,144
4294967278,143
4294967278,349
4294967294,1066
4294967294,1069
4294967278,382
4294967278,386
4294967279,240
4294967279,134
4294967279,518
4294967278,254
4294967278,231
4294967294,496
4294967294,176
3141,5
3141,4
3141,3
3141,2
3141,1
4294967278,207
4294967278,206
4294967279,201
4294967279,199
3138,3
3138,2
3138,1
4294967279,133
4294967278,197
4294967278,196
4294967278,234
